seq: 14.006471 8 9 2 8 6.709130e-06
par 2: 12.076651 11 12 3 11 9.410210e-06 4.694136e-09 -1.214898e-10
par 4: 14.352726 26 27 7 26 6.711822e-06 2.302552e-10 -1.615236e-10
par 4: 9.743353 17 18 5 17 7.252100e-05 5.018712e-08 4.412472e-09
par 4: 9.604933 17 18 5 17 7.252100e-05 5.018712e-08 4.412472e-09
par 8: 10.176477 35 36 11 35 6.735979e-06 5.834724e-10 -1.615024e-10
par 16: 8.740629 59 59 16 48 2.435756e-04 2.604000e-07 5.067339e-08
par 4: 9.836174 17 18 5 17 7.252242e-05 5.018727e-08 4.412447e-09
par 2: 12.066292 11 12 3 11 9.410295e-06 4.694136e-09 -1.215212e-10
par 8: 20.841978 70 70 12 41 6.926612e-06 1.226291e-07 -1.611649e-10
par 24: 4.003068 39 40 13 39 2.112032e-04 1.766338e-07 3.809455e-08
par 8: 6.941575 24 25 8 24 2.012615e-04 1.474988e-07 3.468904e-08
par 16: 5.781453 39 40 13 39 2.436008e-04 1.840563e-07 5.068013e-08
