seq: 28.144441 8 9 2 8 3.354574e-06
par 2: 25.124617 11 12 3 11 4.706318e-06 1.174389e-09 -3.034339e-11
par 4: 19.846903 17 18 5 17 3.627981e-05 1.255858e-08 1.104328e-09
par 8: 15.531662 27 28 9 27 1.006545e-04 3.465358e-08 8.676782e-09
par 16: 11.218277 39 40 13 39 1.218253e-04 5.343056e-07 1.267514e-08
par 24: 7.934082 39 40 13 39 1.056156e-04 3.680677e-07 9.526095e-09
par 32: 6.221234 39 40 13 39 8.789797e-05 3.043432e-07 6.602135e-09
par 40: 5.640417 48 48 12 36 7.343763e-05 1.052262e-06 4.613864e-09
par 48: 3.534867 36 37 12 36 6.216743e-05 1.990495e-07 3.314037e-09
par 56: 3.096707 36 37 12 36 5.339397e-05 1.373417e-07 2.455737e-09
par 64: 3.257505 36 37 12 36 4.649914e-05 1.311739e-07 1.877845e-09
par 72: 2.729090 36 37 12 36 4.101639e-05 1.973168e-07 1.481404e-09
par 80: 2.389240 33 34 11 33 3.661339e-05 3.673619e-06 1.205877e-09
