seq: 63.370306 9 10 2 9 1.677289e-06
par 4: 40.124940 18 19 5 18 1.814474e-05 3.140788e-09 2.761814e-10
par 8: 34.497650 29 30 9 29 5.033826e-05 8.683103e-09 2.170125e-09
par 16: 28.409363 48 49 16 48 6.091891e-05 8.584266e-08 3.169435e-09
par 24: 19.352193 49 49 14 42 5.281127e-05 1.833516e-06 2.381764e-09
par 32: 12.681172 42 43 14 42 4.395104e-05 8.319143e-07 1.650599e-09
par 40: 10.487607 45 46 15 45 3.672011e-05 1.055531e-07 1.153506e-09
par 48: 7.056120 36 37 12 36 3.108460e-05 8.448664e-07 8.285133e-10
par 56: 8.120421 46 47 15 46 2.669784e-05 7.299984e-07 6.139566e-10
par 64: 6.413289 39 40 13 39 2.325004e-05 7.652564e-07 4.693768e-10
par 72: 6.243981 44 44 11 33 2.050881e-05 2.238663e-06 3.703709e-10
par 80: 4.465968 33 34 11 33 1.830699e-05 3.428609e-06 3.014423e-10
